109636533
186345104
493381511
500343364
548851107
549796719
605013612
629854618
639796100
654334918
681024181
693592303
716432345
767376607
772456423
799212849
871132840
924957611
938056919
945195462
949236376
960773142
966844092
972590376
978222590
997018287
1005826982
1017461996
1017860608
1040962131
1050800165
1077387117
1078764282
1090613120
1154576595
1166876122
1182479691
1184895182
1198376985
1199596751
1224415228
1225479007
1319109464
1354742820
1396244870
1426806786
1440487104
1473397876
1504442195
1515696533
1579616660
1638903856
1705400886
1740071978
1812630618
1871949325
1962567469
2009106387
2072287319
2080337785
2083387372
2091753186
2113785963
2122860520
2142813844
5010735104
5052348905
5061188573
5129609695
5167894099
5222757512
5232444993
5283289971
5287606252
5291444027
5329525966
5333189189
5360211724
5418254293
5494954490
5583221199
5692867980
5805421555
5824870859
5906525516
6067972407
6254189069
6330738643
6345301767
6427793360
6576493292
6585236823
6908948453
6937446446
6969775166
7036000892
7047902471
7086721632
7176966939
7211786908
7400525569
7411615458
7642883700
7668390191
7748875462
7752207823
7874353979
7884966160
8123470626
8298372115
8343293870
8386613682
8394162311
8601627610
8907196646
